MESH_SPACING: 0.4
FD_ORDER: 12
BC: P P P
KPOINT_GRID: 1 1 1
EXCHANGE_CORRELATION: GGA_PBE
ELEC_TEMP_TYPE: fermi-dirac
ELEC_TEMP: 631.554
TOL_SCF: 1e-06
PRINT_ATOMS: 1
PRINT_DENSITY: 1
PRINT_ENERGY_DENSITY: 1
CALC_STRESS: 1
MAXIT_SCF: 500
MINIT_SCF: 1
RHO_TRIGGER: 0
LATVEC:
1.0 0.0 0.0
0.0 1.0 0.0
0.0 0.0 1.0
LATVEC_SCALE: 23.980624536870618 23.980624536870618 23.980624536870618
